% http://www.geohive.com/cntry/china.aspx

data = [22315426
11716000
11090314
11070654
10357938
9785392
8220237
7677122
7457600
7194311
7165628
7100000
6501189
6242000
5878939
5349090
5330764

4335900
4253627
3855346
3718800
3542319
3531347
3491597
3437171
3426522
3352076
3290548

3187171
3120884
3093980
3053778
3049303
3039500
3037159
3029372
2980800
2921763
2861784
2633420
2628426
2600200
2357838
2344507
2227700
2199689
2054703
2035800
];