data = [799345
615726
505568
321989
218456
20847
195405
19509
178256
166369
158639
157282
153123
149803
149681
149561
144126
142756
123064
122486
121831
119746
118528
10981
108411
102717
100158
99085
98526
95978
94531
94047
89025
88754
86042
84852
84295
82632
80982
79502
77171
76354
75759
];