% from SCB (genom wikipedia)
data = [1372565
 549839
280415
 140454
110877
 107038
 104232
 97122
 89396
 87247
 82800
 79594
 71033
 66273
 64679
 64619
 61685
 61272
 60887
 58577
 50712
 46607
 46457
 44327
 41734
 37852
 37594
 37291
 36392
 35711
 35212
 34466
 32775
31561
 31212
 30499
 29891
 29823
 29519
28991
 28290
 28033
 27602
 27084
 25644
 24482
 24068
 24052
 23240
 22965
 22913
 22768
 22593
 21993
 21699
 21140
 21121
 21035];


